##TITLE=
##JCAMP-DX=4.24
##ORIGIN=ZEISS ConfoCor Version 1.2
##DATE=99/10/22
##TIME=12:10:03
##DATA TYPE=FCS Correlogram
User=mark
Project=fcs
ExperimentGroup=msc
SerialNo=02/015
StartDate=99/10/22
StartTime=12:09:32
SamplePosition=E-6/H-12
SamplePositionX=46.409 mm
SamplePositionY=37.397 mm
Focus=5.450 mm
FocusZero=5.880 mm
PinholeX=5.184 mm
PinholeY=6.329 mm
PinholeZ=6.835 mm
PinholeDiameter=30.095 µm
Duration=29.7/30 s
Repeat=2/10
DelayTime=1.000 s
InputChannel=0
Scaling=8
Comment=488nm, Rhodamine Green in nano, ND1.5 pinhole 30um
##NPOINTS=192
##XYPOINTS=(XY..XY)
0.0000, 137.918283
0.0002, 0.793459
0.0004, 1.790788
0.0006, 2.014086
0.0008, 2.064600
0.0010, 2.029241
0.0012, 2.070688
0.0014, 2.055922
0.0016, 2.043618
0.0018, 2.026391
0.0020, 2.036494
0.0022, 2.017583
0.0024, 2.005020
0.0026, 2.002947
0.0028, 1.992326
0.0030, 2.024837
0.0032, 1.977359
0.0036, 1.962982
0.0040, 1.970041
0.0044, 1.938761
0.0048, 1.930472
0.0052, 1.930990
0.0056, 1.923348
0.0060, 1.926392
0.0064, 1.903858
0.0072, 1.888737
0.0080, 1.869341
0.0088, 1.865617
0.0096, 1.838449
0.0104, 1.822388
0.0112, 1.820931
0.0120, 1.819732
0.0128, 1.794515
0.0144, 1.770068
0.0160, 1.751125
0.0176, 1.740326
0.0192, 1.724263
0.0208, 1.696756
0.0224, 1.688549
0.0240, 1.676196
0.0256, 1.653309
0.0288, 1.633257
0.0320, 1.599465
0.0352, 1.580231
0.0384, 1.556115
0.0416, 1.533432
0.0448, 1.520197
0.0480, 1.503820
0.0512, 1.484666
0.0576, 1.459205
0.0640, 1.428348
0.0704, 1.412704
0.0768, 1.387387
0.0832, 1.370039
0.0896, 1.352599
0.0960, 1.333195
0.1024, 1.321260
0.1152, 1.297980
0.1280, 1.274840
0.1408, 1.258567
0.1536, 1.239192
0.1664, 1.232057
0.1792, 1.216236
0.1920, 1.203521
0.2048, 1.193859
0.2304, 1.175613
0.2560, 1.161725
0.2816, 1.147592
0.3072, 1.139429
0.3328, 1.127536
0.3584, 1.119766
0.3840, 1.110742
0.4096, 1.105971
0.4608, 1.092917
0.5120, 1.082729
0.5632, 1.076798
0.6144, 1.069712
0.6656, 1.064701
0.7168, 1.059086
0.7680, 1.056218
0.8192, 1.051550
0.9216, 1.045805
1.0240, 1.040679
1.1264, 1.035498
1.2288, 1.031807
1.3312, 1.029476
1.4336, 1.027200
1.5360, 1.024472
1.6384, 1.023359
1.8432, 1.021345
2.0480, 1.018403
2.2528, 1.017259
2.4576, 1.016234
2.6624, 1.012795
2.8672, 1.012327
3.0720, 1.010050
3.2768, 1.008590
3.6864, 1.009967
4.0960, 1.010000
4.5056, 1.009031
4.9152, 1.008276
5.3248, 1.006635
5.7344, 1.004047
6.1440, 1.004887
6.5536, 1.003376
7.3728, 1.001153
8.1920, 1.002157
9.0112, 1.001479
9.8304, 1.000157
10.6496, 1.003881
11.4688, 1.004423
12.2880, 1.005629
13.1072, 1.004453
14.7456, 1.003251
16.3840, 1.002987
18.0224, 1.002306
19.6608, 1.001725
21.2992, 0.999088
22.9376, 1.000744
24.5760, 1.002030
26.2144, 1.000265
29.4912, 1.001289
32.7680, 1.001854
36.0448, 1.000166
39.3216, 1.000153
42.5984, 1.001326
45.8752, 1.000769
49.1520, 1.001766
52.8384, 1.000592
59.3920, 1.001556
65.9456, 1.000017
72.4992, 0.998626
79.0528, 0.998415
85.6064, 1.000103
92.1600, 0.999427
98.7136, 1.000285
105.2670, 1.000714
118.3740, 1.000376
131.4820, 1.000152
144.5890, 1.000425
157.6960, 1.000194
170.8030, 0.999294
183.9100, 0.999498
197.0180, 0.999004
210.1250, 0.999590
236.3390, 1.000037
262.5540, 1.000397
288.7680, 1.000472
314.9820, 0.999533
341.1970, 0.999697
367.4110, 0.999863
393.6260, 0.999893
419.8400, 1.000422
472.2690, 1.000896
524.6980, 0.999789
577.1260, 0.999438
629.5550, 1.000340
681.9840, 0.999112
734.4130, 0.999543
786.8420, 1.000055
839.2700, 1.000365
944.1280, 1.000031
1048.9900, 0.999981
1153.8400, 0.999937
1258.7000, 0.999960
1363.5600, 1.000032
1468.4200, 0.999972
1573.2700, 0.999664
1678.1300, 1.000151
1887.8500, 1.000018
2097.5600, 1.000087
2307.2800, 0.999941
2516.9900, 0.999845
2726.7100, 0.999769
2936.4200, 0.999683
3146.1400, 1.000542
3355.8500, 1.000234
3775.2800, 1.000240
4194.7100, 0.999953
4614.1400, 0.999906
5033.5700, 0.999976
5453.0000, 0.999993
5872.4400, 1.000159
6291.8700, 0.999997
6711.3000, 0.999949
7550.1600, 0.999966
8389.0200, 0.999980
9227.8800, 1.000288
10066.7000, 0.999890
10905.6000, 1.000190
11744.5000, 0.999771
12583.3000, 1.000079
##DATA TYPE=FCS Count Rates
##NPOINTS=503
##DELTAX=0.058573
##XYPOINTS=(XY..XY)
0.000000, 41.128305
0.058573, 35.494291
0.117146, 39.660047
0.175718, 35.426000
0.234291, 37.304005
0.292864, 38.891772
0.351437, 35.443073
0.410010, 36.313784
0.468582, 36.228420
0.527155, 32.813866
0.585728, 44.167259
0.644301, 36.467439
0.702874, 39.028354
0.761446, 38.755190
0.820019, 40.633195
0.878592, 37.321077
0.937165, 29.262729
0.995738, 33.291903
1.054310, 39.096646
1.112883, 39.762484
1.171456, 34.760162
1.230029, 35.733310
1.288602, 43.023383
1.347174, 38.447880
1.405747, 40.974650
1.464320, 38.516171
1.522893, 41.025869
1.581466, 36.843040
1.640038, 36.365002
1.698611, 36.808894
1.757184, 35.784528
1.815757, 44.508714
1.874330, 41.264887
1.932902, 41.503906
1.991475, 33.018739
2.050048, 29.996859
2.108621, 34.879671
2.167194, 39.864920
2.225766, 30.543187
2.284339, 34.982108
2.342912, 35.682091
2.401485, 39.899066
2.460058, 38.499099
2.518630, 34.674798
2.577203, 38.157643
2.635776, 45.055043
2.694349, 39.796629
2.752922, 39.864920
2.811494, 29.979786
2.870067, 35.972328
2.928640, 32.608993
2.987213, 32.096809
3.045786, 40.308812
3.104358, 33.445558
3.162931, 38.686899
3.221504, 34.896744
3.280077, 34.606507
3.338650, 38.140570
3.397222, 35.921110
3.455795, 34.726016
3.514368, 32.148028
3.572941, 35.921110
3.631514, 39.233228
3.690086, 37.218641
3.748659, 36.518657
3.807232, 35.528436
3.865805, 40.599049
3.924378, 33.906523
3.982950, 36.979622
4.041523, 29.809058
4.100096, 35.904037
4.158669, 39.711265
4.217242, 35.152835
4.275814, 36.467439
4.334387, 38.328371
4.392960, 38.294225
4.451533, 40.035648
4.510106, 38.994209
4.568678, 35.801601
4.627251, 29.621258
4.685824, 38.840554
4.744397, 43.569712
4.802970, 36.177202
4.861542, 38.840554
4.920115, 36.279638
4.978688, 38.533244
5.037261, 31.926082
5.095834, 38.106425
5.154406, 36.740603
5.212979, 36.535730
5.271552, 39.728338
5.330125, 36.245493
5.388698, 36.023547
5.447270, 39.540538
5.505843, 33.633359
5.564416, 34.657725
5.622989, 34.265051
5.681562, 40.701486
5.740134, 34.026033
5.798707, 33.667504
5.857280, 37.218641
5.915853, 34.128469
5.974426, 36.706458
6.032998, 36.125983
6.091571, 40.803923
6.150144, 34.111396
6.208717, 39.130791
6.267290, 38.567390
6.325862, 37.662533
6.384435, 34.589434
6.443008, 35.716237
6.501581, 32.540701
6.560154, 34.350415
6.618726, 28.511528
6.677299, 33.718723
6.735872, 32.455338
6.794445, 36.689385
6.853018, 35.460145
6.911590, 39.779556
6.970163, 34.145542
7.028736, 37.082059
7.087309, 28.204218
7.145882, 35.630873
7.204454, 37.679606
7.263027, 43.040456
7.321600, 37.047913
7.380173, 45.362352
7.438746, 33.240685
7.497318, 35.443073
7.555891, 34.538216
7.614464, 33.496777
7.673037, 38.243007
7.731610, 34.879671
7.790182, 36.245493
7.848755, 42.699000
7.907328, 39.984430
7.965901, 38.345444
8.024474, 42.220963
8.083046, 37.628387
8.141619, 40.889286
8.200192, 35.716237
8.258765, 43.040456
8.317338, 40.206376
8.375910, 40.718559
8.434483, 34.999181
8.493056, 33.513849
8.551629, 33.035812
8.610202, 40.138085
8.668774, 38.106425
8.727347, 26.701814
8.785920, 39.591756
8.844493, 31.174880
8.903066, 37.082059
8.961638, 35.033326
9.020211, 30.679769
9.078784, 37.116204
9.137357, 40.018575
9.195930, 42.016089
9.254502, 35.016253
9.313075, 30.184659
9.371648, 35.955256
9.430221, 38.430807
9.488794, 37.286932
9.547366, 39.130791
9.605939, 39.591756
9.664512, 38.618608
9.723085, 33.274831
9.781658, 37.030840
9.840230, 37.816188
9.898803, 33.206540
9.957376, 38.003988
10.015949, 36.740603
10.074522, 33.974814
10.133094, 34.555288
10.191667, 38.123498
10.250240, 38.379589
10.308813, 37.355223
10.367386, 34.452852
10.425958, 32.284610
10.484531, 34.726016
10.543104, 34.265051
10.601677, 37.799115
10.660250, 31.174880
10.718822, 33.821159
10.777395, 35.238199
10.835968, 29.518821
10.894541, 33.872378
10.953114, 32.387047
11.011686, 36.945476
11.070259, 34.179688
11.128832, 35.835746
11.187405, 33.923596
11.245978, 37.030840
11.304550, 33.701650
11.363123, 33.633359
11.421696, 37.082059
11.480269, 46.079409
11.538842, 39.318592
11.597414, 38.464953
11.655987, 37.201568
11.714560, 36.279638
11.773133, 39.113718
11.831706, 33.787014
11.890278, 35.562582
11.948851, 39.267373
12.007424, 34.930889
12.065997, 32.796793
12.124570, 39.352737
12.183142, 37.389368
12.241715, 34.316270
12.300288, 38.072279
12.358861, 38.857627
12.417434, 37.525951
12.476006, 33.547995
12.534579, 32.301683
12.593152, 31.891936
12.651725, 35.067472
12.710298, 34.521143
12.768870, 36.518657
12.827443, 37.423514
12.886016, 40.394176
12.944589, 34.469925
13.003162, 35.238199
13.061734, 31.465117
13.120307, 38.089352
13.178880, 37.235714
13.237453, 35.904037
13.296026, 33.804087
13.354598, 36.791821
13.413171, 36.416220
13.471744, 39.233228
13.530317, 34.913817
13.588890, 34.486997
13.647462, 35.221127
13.706035, 37.304005
13.764608, 35.733310
13.823181, 41.896580
13.881754, 37.782042
13.940326, 34.367488
13.998899, 38.225934
14.057472, 35.921110
14.116045, 37.628387
14.174618, 33.206540
14.233190, 35.306490
14.291763, 35.443073
14.350336, 36.279638
14.408909, 34.384561
14.467482, 35.255272
14.526054, 34.247979
14.584627, 32.694356
14.643200, 40.138085
14.701773, 35.323563
14.760346, 36.945476
14.818918, 33.616286
14.877491, 29.279802
14.936064, 40.223448
14.994637, 41.401470
15.053210, 39.028354
15.111782, 39.796629
15.170355, 39.540538
15.228928, 32.626065
15.287501, 33.360194
15.346074, 39.506392
15.404646, 41.196596
15.463219, 32.506556
15.521792, 33.872378
15.580365, 39.216155
15.638938, 29.843204
15.697510, 32.557774
15.756083, 33.035812
15.814656, 39.386883
15.873229, 33.616286
15.931802, 34.879671
15.990374, 36.979622
16.048947, 36.245493
16.107520, 36.569875
16.166093, 36.347929
16.224666, 32.626065
16.283238, 29.552967
16.341811, 35.528436
16.400384, 39.540538
16.458957, 36.723530
16.517530, 34.691871
16.576102, 38.157643
16.634675, 33.479704
16.693248, 35.391854
16.751821, 34.452852
16.810394, 33.769941
16.868966, 36.860113
16.927539, 34.043105
16.986112, 33.326049
17.044685, 35.460145
17.103258, 30.509042
17.161830, 43.313620
17.220403, 40.189303
17.278976, 34.060178
17.337549, 44.525787
17.396122, 35.989401
17.454694, 33.069957
17.513267, 31.738281
17.571840, 39.916139
17.630413, 36.723530
17.688986, 31.550481
17.747558, 35.152835
17.806131, 32.318755
17.864704, 39.984430
17.923277, 33.257758
17.981850, 37.833260
18.040422, 36.979622
18.098995, 39.864920
18.157568, 38.038134
18.216141, 40.838068
18.274714, 34.674798
18.333286, 29.245657
18.391859, 39.267373
18.450432, 39.506392
18.509005, 28.750546
18.567578, 41.452688
18.626150, 37.389368
18.684723, 43.330693
18.743296, 38.857627
18.801869, 28.818837
18.860442, 34.333342
18.919014, 37.713751
18.977587, 37.167422
19.036160, 38.618608
19.094733, 32.489483
19.153306, 35.340636
19.211878, 33.462631
19.270451, 32.318755
19.329024, 39.199082
19.387597, 32.421192
19.446170, 33.018739
19.504742, 34.504070
19.563315, 35.545509
19.621888, 36.313784
19.680461, 33.769941
19.739034, 32.591920
19.797606, 36.672312
19.856179, 35.152835
19.914752, 33.445558
19.973325, 34.606507
20.031898, 37.082059
20.090470, 39.318592
20.149043, 34.230906
20.207616, 30.526115
20.266189, 38.021061
20.324762, 37.491805
20.383334, 42.852655
20.441907, 34.247979
20.500480, 37.986915
20.559053, 34.401634
20.617626, 34.486997
20.676198, 37.116204
20.734771, 39.284446
20.793344, 28.784692
20.851917, 33.923596
20.910490, 36.638167
20.969062, 36.791821
21.027635, 32.677284
21.086208, 31.669990
21.144781, 36.125983
21.203354, 33.343122
21.261926, 35.886965
21.320499, 35.613800
21.379072, 34.162615
21.437645, 35.272345
21.496218, 38.772263
21.554790, 36.450366
21.613363, 38.635681
21.671936, 32.472410
21.730509, 41.538052
21.789082, 47.103775
21.847654, 35.647946
21.906227, 37.764969
21.964800, 30.201732
22.023373, 29.126147
22.081946, 34.350415
22.140518, 31.157807
22.199091, 31.533408
22.257664, 36.057692
22.316237, 33.547995
22.374810, 35.835746
22.433382, 35.238199
22.491955, 33.223612
22.550528, 34.026033
22.609101, 36.825967
22.667674, 34.896744
22.726246, 35.033326
22.784819, 30.765133
22.843392, 34.026033
22.901965, 45.089188
22.960538, 33.940669
23.019110, 34.777234
23.077683, 38.328371
23.136256, 37.969843
23.194829, 35.528436
23.253402, 40.547831
23.311974, 30.474896
23.370547, 41.008796
23.429120, 30.901715
23.487693, 32.318755
23.546266, 39.506392
23.604838, 32.250464
23.663411, 34.674798
23.721984, 40.701486
23.780557, 36.382075
23.839130, 32.182173
23.897702, 35.443073
23.956275, 42.238035
24.014848, 37.799115
24.073421, 34.230906
24.131994, 41.299033
24.190566, 34.367488
24.249139, 33.684577
24.307712, 36.877185
24.366285, 39.096646
24.424858, 38.516171
24.483430, 29.262729
24.542003, 33.838232
24.600576, 42.118526
24.659149, 37.355223
24.717722, 39.182009
24.776294, 39.352737
24.834867, 39.523465
24.893440, 38.652753
24.952013, 37.440587
25.010586, 37.338150
25.069158, 34.538216
25.127731, 41.094160
25.186304, 31.226098
25.244877, 39.540538
25.303450, 39.881993
25.362022, 39.062500
25.420595, 38.806408
25.479168, 32.045591
25.537741, 32.387047
25.596314, 34.538216
25.654886, 35.596727
25.713459, 43.398984
25.772032, 38.225934
25.830605, 32.574847
25.889178, 32.267537
25.947750, 34.469925
26.006323, 35.289418
26.064896, 36.467439
26.123469, 31.345608
26.182042, 35.835746
26.240614, 43.603857
26.299187, 39.779556
26.357760, 33.565068
26.416333, 29.979786
26.474906, 29.194438
26.533478, 37.047913
26.592051, 35.921110
26.650624, 34.657725
26.709197, 38.669826
26.767770, 34.469925
26.826342, 31.499262
26.884915, 35.289418
26.943488, 35.818674
27.002061, 33.496777
27.060634, 38.942991
27.119206, 40.172230
27.177779, 40.974650
27.236352, 40.035648
27.294925, 39.984430
27.353498, 33.428486
27.412070, 31.891936
27.470643, 38.840554
27.529216, 33.821159
27.587789, 35.682091
27.646362, 36.433293
27.704934, 35.272345
27.763507, 27.999344
27.822080, 38.157643
27.880653, 37.201568
27.939226, 48.435451
27.997798, 36.433293
28.056371, 39.386883
28.114944, 38.328371
28.173517, 34.299197
28.232090, 36.843040
28.290662, 40.633195
28.349235, 39.660047
28.407808, 40.769777
28.466381, 33.923596
28.524954, 34.521143
28.583526, 31.396826
28.642099, 35.835746
28.700672, 35.186981
28.759245, 34.965035
28.817818, 43.723366
28.876390, 36.108911
28.934963, 38.311298
28.993536, 34.726016
29.052109, 32.233392
29.110682, 34.811380
29.169254, 40.616122
29.227827, 36.125983
29.286400, 36.501584
29.344973, 39.711265
29.403546, 35.665019
